0.0018  0
0.024 0
0.0266 0
0.0314 0
0.0378 0
0.0338 0
0.0492 0
0.0542 0
0.0582 0
0.0634 0
0.064 0
0.07 0
0.0668 0
0.0654 0
0.0664 0
0.0676 0
0.0688 0
0.0648 0
0.066 0
0.0696 0
0.0726 0
0.0704 0
0.073 0
0.0758 0
0.0802 0
0.087 0
0.087 0
0.0872 0
0.0894 0
0.0964 0
0.0982 0
0.0972 0
0.0998 0
0.1064 0
0.1108 0
0.1074 0
0.1116 0
0.1098 0
0.1108 0
0.1156 0
0.1234 0
0.1286 0
0.1296 0
0.1334 0
0.1356 0
0.1432 0
0.141 0
0.1466 0
0.1516 0
0.1558 0
0.1588 0
0.162 0
0.1626 0
0.1634 0
0.1672 0
0.1702 0
0.1666 0
0.171 0
0.1788 0
0.1786 0
0.1818 0
0.191 0
0.1972 0
0.195 0
0.1976 0
0.1986 0
0.2044 0
0.2042 0
0.2094 0
0.2052 0
0.2036 0
0.2044 0
0.2084 0
0.2074 0
0.207 0
0.2066 0
0.2054 0
0.209 0
0.2052 0
0.2058 0
0.2036 0
0.2058 0
0.206 0
0.2064 0
0.2112 0
0.2142 0
0.2156 0
0.212 0
0.2152 0
0.2148 0
0.2094 0
0.2064 0
0.2036 0
0.2068 0
0.2126 0
0.2144 0
0.2168 0
0.22 0
0.2162 0
0.2188 0
0.2216 0
