-0.0162 0
-0.014 1
-0.0016 2
0.0176 3
0.0302 4
0.0332 5
0.0354 6
0.0362 7
0.0338 8
0.0358 9
0.045 10
0.0466 11
0.0526 12
0.05 13
0.049 14
0.0506 15
0.0542 16
0.0604 17
0.0698 18
0.0778 19
0.074 20
0.0658 21
0.0626 22
0.0674 23
0.0744 24
0.074 25
0.0766 26
0.075 27
0.0726 28
0.0754 29
0.0746 30
0.0728 31
0.0744 32
0.0802 33
0.086 34
0.083 35
0.0786 36
0.079 37
0.0754 38
0.0732 39
0.0662 40
0.0598 41
0.0554 42
0.0546 43
0.0522 44
0.05 45
0.0502 46
0.0502 47
0.046 48
0.051 49
0.0528 50
0.0564 51
0.0582 52
0.056 53
0.0576 54
0.0622 55
0.0696 56
0.0698 57
0.0702 58
0.0796 59
0.079 60
0.0814 61
0.0826 62
0.0816 63
0.0854 64
0.0856 65
0.0832 66
0.0886 67
0.0936 68
0.092 69
0.0964 70
0.0938 71
0.093 72
0.092 73
0.0948 74
0.0948 75
0.098 76
0.098 77
0.1012 78
0.1028 79
0.102 80
0.0988 81
0.0996 82
0.1004 83
0.1022 84
0.1026 85
0.103 86
0.1044 87
0.1082 88
0.1092 89
0.1072 90
0.1158 91
0.1154 92
0.1124 93
0.1098 94
0.116 95
0.1232 96
0.1262 97
0.1222 98
0.123 99
0.1236 100
